.Random.seed <-
c(403L, 214L, 1526227085L, -1352012148L, 1352358231L, -1918369329L, 
1465419614L, -1923603374L, 698076704L, 1302471965L, -1718275785L, 
680614887L, -1487224181L, -324817683L, 2099450777L, -184448020L, 
-1456371840L, 502819251L, -744146952L, 1773898426L, 23902535L, 
118296370L, 1689150005L, -1119142204L, -1469062203L, 1171451542L, 
-62216204L, -703160793L, -916066000L, -1748850403L, -685237716L, 
616288776L, 1620798842L, -623322298L, 31994696L, 315596301L, 
2126498759L, 1283724795L, 2063742562L, 1259916854L, 1745584255L, 
1858363048L, 1806155452L, -819013806L, 141939120L, -1922586792L, 
-1677027530L, 1897007904L, -422209367L, 1618706103L, -2100824144L, 
629064423L, -1041958149L, 974802812L, -1201391248L, -530233813L, 
287731314L, -1527716100L, 213638535L, -1340264747L, -1077295099L, 
-864844503L, -2103773547L, -653561295L, -1889045760L, -498024312L, 
-1991602653L, -1157239201L, -1348069375L, 2073516959L, 1395701532L, 
751042869L, -1429710305L, -90026247L, 308028137L, 1788521812L, 
-648815009L, 1248911711L, -473225051L, -200284627L, -886606660L, 
-1366664676L, 1910373157L, 1154675303L, 1719711845L, 434970710L, 
1257469948L, -274856760L, 706273354L, -1921251175L, 803791539L, 
-1819580893L, -6997227L, 1917597295L, 1918441365L, 1776188709L, 
896073521L, -698996730L, -1627895153L, -1301420215L, -1422892377L, 
-879178131L, -2039339976L, -732204124L, 1583950723L, 1062109995L, 
1463304058L, 1432725707L, -1617987371L, -870247830L, -597153483L, 
1299827753L, -721950987L, -2100853598L, -675403638L, -2094628248L, 
-1703798959L, 920692077L, -878776855L, 497503967L, -754822527L, 
1977710912L, -273616326L, 2004568421L, 225420599L, -975292530L, 
1684957336L, 504137272L, 2140147014L, -261850843L, 2096785416L, 
-1072136672L, -79688965L, 258873997L, -1113014761L, 51341752L, 
1387389536L, 221583865L, 1816137517L, 179303591L, -1651980600L, 
1460649344L, 1838744634L, -901687208L, 1432463450L, -1760628498L, 
1438829882L, 1668272663L, 1046952793L, -331875150L, 1436208578L, 
305491725L, 335616713L, 1907561643L, 964884299L, -15038286L, 
130195913L, 268053976L, -1321948433L, 107241773L, -1055515385L, 
-1532079956L, -480341865L, 682802607L, -1419320911L, 1883309591L, 
493015509L, 1209190020L, -2111173186L, 642940962L, -1307659407L, 
897653024L, 672229700L, -1153359434L, -1972898617L, 258272493L, 
-2131872093L, 1601718399L, 1662083923L, 189725839L, 1256821628L, 
1864425059L, 539616037L, 639720011L, 18840447L, 390785200L, 207143664L, 
1738878505L, -658413121L, -1891299135L, 2068917677L, 410087757L, 
-837604637L, -826437016L, 2023551816L, -1403377126L, -346865510L, 
-1260821569L, 2086872529L, -1765570814L, 1003024403L, -1028278048L, 
-175088602L, 1092317619L, -913622484L, -1679424247L, 896686150L, 
-1077574651L, -500458719L, -1697964887L, 852851220L, 788575444L, 
310964633L, -1853150308L, -1092018284L, 310197400L, -1508730815L, 
365320611L, -1282054174L, -1899540917L, 2078577907L, 1953291004L, 
-1354784166L, -1789260218L, -150655651L, 1705927069L, -1138941897L, 
-1727049123L, 32004124L, -1017194194L, -1606783219L, -1287206836L, 
1159352121L, -1466106892L, 1068914899L, 2004840123L, 475337164L, 
314254553L, 783673709L, 33815429L, -2133877051L, -498753523L, 
-1293732682L, -1927077288L, -1903428161L, 472941400L, 233371548L, 
-571795022L, 2105054401L, -762900739L, 1847279306L, 1893421707L, 
-213606667L, 1226543069L, -1018402401L, -1136731002L, 2054262911L, 
205703385L, -2001222539L, 364497974L, -273203704L, 1321109285L, 
-1551824587L, -1046320589L, -1721033044L, 1162239745L, 1067412940L, 
164175699L, 1997630473L, -452158900L, -1952142868L, -205325961L, 
-1823171101L, 1236535691L, 1255782927L, -325242858L, -1575599054L, 
-617269991L, 2025651763L, -1709370635L, -1554723666L, 1613752130L, 
-725629457L, -1910580603L, 230570878L, 1064522180L, 591157961L, 
-599874868L, -138437332L, 1541329183L, 1716165455L, -2004734423L, 
-2100020080L, 742179546L, 771633377L, 956693317L, 1065745720L, 
-937669123L, 546582307L, 2001755719L, -1653091855L, 1867404450L, 
1792608141L, -329380007L, -1093672873L, -439239494L, -1159498167L, 
-2090775322L, 1346947569L, 463311325L, -1450203670L, -1593800826L, 
595719373L, 2030021076L, -1313800240L, 204827838L, -1697668342L, 
-2143857741L, 1497789377L, -487477705L, 82456175L, -118845242L, 
-22427570L, -758253769L, 1427668495L, -1666051833L, -552100604L, 
-1365380161L, 1979663382L, 1840533158L, 1079965344L, -1078325736L, 
-398810645L, 903198619L, -384158407L, -1537770402L, 160178099L, 
-1361110979L, 505776404L, 554778400L, 1680686435L, -488314821L, 
1150702205L, 1354032892L, -1223919611L, -1124905494L, 415219153L, 
661266381L, 1912049927L, -728688129L, -149416388L, 1496063380L, 
-310493026L, 202134044L, -1815689449L, 1398546699L, -1115789650L, 
-376955647L, -791490461L, -8817427L, -1627856094L, -1292645075L, 
-755182271L, -1547113800L, -673504258L, -996101588L, -1464653023L, 
-727877098L, -1866027110L, -88885502L, -1258779815L, -185462758L, 
-1822712817L, -989929217L, 1778638934L, 625647623L, 1759402347L, 
-1584749503L, 927362738L, 13240536L, 517408203L, 789008831L, 
-1024013655L, 1985339175L, 1474001148L, -1897994442L, -1312264226L, 
1691373953L, 1293999327L, -1005056248L, 233201160L, 26294437L, 
1613852733L, -1412893790L, 1474500407L, 20942861L, 1060927544L, 
920728227L, 1560342509L, 1965900432L, 1880331847L, -1695122565L, 
1087276383L, 11371021L, 2045051952L, -1113405435L, -584468212L, 
1538264137L, 1187932988L, -722194010L, 1576799756L, 860061582L, 
-770864953L, 480317716L, -877696816L, -1492409963L, -596688773L, 
-245540327L, -2035388679L, -1249042899L, 628027859L, 1472980883L, 
-1439558954L, -1198406079L, 1380737636L, 1263605158L, 1895636863L, 
-306448275L, -785229721L, 1555066477L, 1962013099L, 881926239L, 
1197608774L, -340805017L, 540910354L, 1369245327L, 755854190L, 
1511623397L, -39203L, -809635003L, 1354479378L, 1914045725L, 
-2047543778L, 961696486L, -812028247L, 1177912723L, 1520388356L, 
58990250L, 1347087845L, 1769422679L, 1787820480L, 733600883L, 
-1649709540L, 559145553L, -1513795458L, 583885207L, 488818294L, 
-464906283L, -2046123952L, -514432843L, 942733949L, 895878569L, 
-562314638L, 789460560L, -10689967L, -862920104L, 1495495816L, 
785960734L, -867291951L, -33602046L, -21933426L, -1794870914L, 
-1918741374L, -164103936L, -2045994256L, 1436915545L, -1725362385L, 
-1965199055L, 800973517L, -1651952646L, 1661074222L, 956576114L, 
812275424L, 1608208610L, 605358372L, 1480190993L, 1485942368L, 
-362331581L, 1295959397L, 1813815112L, -269950956L, 1347828136L, 
1794485115L, -1065225904L, -905038479L, 237345896L, 1975340456L, 
-2145166556L, -1494325692L, -1285636259L, 1241980141L, -1686097968L, 
169032117L, -180712100L, -789388173L, 1205980377L, -1650478575L, 
-1147997285L, 981616939L, -1525091257L, 1751888940L, 998499646L, 
-888968551L, 1557728959L, -280446448L, 525688251L, -740464645L, 
-1920223035L, -642972459L, -1532884987L, 518040913L, -312891350L, 
-1476581333L, 944650616L, 1502392122L, 1344283414L, 1456669147L, 
1639267989L, 1468471159L, 1249548781L, -1466168385L, 2044034362L, 
-1144490629L, -1821930164L, 1904137306L, -1752185212L, -2031998667L, 
1558586896L, 259234600L, -814147308L, -1490672276L, 748594599L, 
355099818L, 1776738021L, -1454445574L, -74051342L, 726698446L, 
1448121641L, -850434816L, -1058042137L, -695649618L, -1545883877L, 
-828022665L, 1208737038L, 1079328563L, -923407046L, 994594386L, 
-1140301503L, 5958996L, 1813716119L, -848033434L, 1901458496L, 
-1568367996L, -1556337594L, -105710888L, -1972779952L, -693172128L, 
-1721329997L, 1985488367L, -1660415160L, 1390839524L, 183676575L, 
1229395079L, -1979281851L, 255593967L, 2090983474L, 2137357413L, 
-457442553L, 1568656749L, -996198448L, 81249295L, -886045522L, 
191030808L, 1391776749L, -1219258578L, -267253807L, 709156133L, 
-560335189L, -1967788597L, -2145261058L, 548488358L, -990024949L, 
862839485L, 1823450015L, 1690002687L, 854856584L, -1554068649L, 
-2048852299L, -803334190L, -493033198L, -1808505321L, -1730883892L, 
